danceability, energy, key, loudness, mode, speechiness, acousticness, instrumentalness, liveness, valence, tempo, duration_ms, time_signature
0.512, 0.809, 0, -4.237, 1, 0.0335, 0.141, 0.0000231, 0.13, 0.433, 154.156, 278640, 4
0.568, 0.796, 11, -5.308, 1, 0.0313, 0.12, 0, 0.084, 0.544, 133.975, 221280, 4
0.686, 0.417, 7, -7.787, 1, 0.0363, 0.606, 0.00000179, 0.0844, 0.45, 82.407, 230600, 3
0.616, 0.706, 0, -6.846, 1, 0.0233, 0.00969, 0.313, 0.111, 0.654, 89.998, 349267, 4
0.651, 0.808, 1, -4.731, 0, 0.0435, 0.054, 0, 0.0482, 0.853, 100.993, 194893, 4
0.543, 0.789, 0, -5.949, 1, 0.0405, 0.224, 0.000199, 0.358, 0.599, 140.081, 211227, 4
0.599, 0.795, 11, -4.47, 0, 0.0302, 0.166, 0.00000423, 0.224, 0.559, 135.97, 271493, 4
0.637, 0.669, 7, -4.608, 1, 0.0237, 0.0919, 0, 0.103, 0.645, 108.078, 205120, 4
0.598, 0.873, 1, -4.135, 1, 0.042, 0.0183, 0, 0.11, 0.431, 98, 189787, 4
0.496, 0.912, 7, -4.28, 1, 0.0393, 0.0407, 0, 0.353, 0.636, 75.016, 226173, 4
0.529, 0.803, 7, -5.379, 1, 0.0389, 0.2, 0, 0.0894, 0.343, 97.043, 215600, 4
0.485, 0.834, 9, -5.413, 1, 0.0715, 0.0665, 0, 0.28, 0.658, 90.933, 211767, 4
0.524, 0.586, 9, -5.431, 1, 0.0262, 0.356, 0, 0.121, 0.287, 101.214, 254293, 4
0.609, 0.813, 0, -5.599, 1, 0.0368, 0.275, 0, 0.205, 0.54, 89.964, 209280, 4
0.456, 0.813, 2, -4.676, 1, 0.0452, 0.319, 0.00000542, 0.0946, 0.645, 185.993, 213453, 5
0.553, 0.882, 6, -5.515, 1, 0.0294, 0.0408, 0.241, 0.146, 0.537, 97.006, 335267, 4
0.561, 0.906, 0, -5.147, 0, 0.0504, 0.0114, 0.00000143, 0.173, 0.409, 113.989, 223451, 4
0.514, 0.659, 1, -6.142, 1, 0.0309, 0.0284, 0, 0.266, 0.445, 76.483, 200040, 4
0.541, 0.505, 2, -8.067, 1, 0.0254, 0.405, 0, 0.131, 0.35, 74.004, 237800, 4
0.539, 0.779, 4, -4.139, 1, 0.0432, 0.247, 0.00000271, 0.386, 0.729, 164.029, 189507, 4
0.572, 0.8, 2, -4.086, 1, 0.0451, 0.0327, 0, 0.0911, 0.507, 156.006, 214547, 4
0.531, 0.746, 11, -4.228, 1, 0.0329, 0.0972, 0, 0.102, 0.314, 139.788, 226307, 4
0.497, 0.805, 11, -3.995, 1, 0.0332, 0.125, 0, 0.167, 0.688, 166.048, 191827, 4
0.51, 0.904, 6, -4.291, 1, 0.0357, 0.0993, 0, 0.173, 0.542, 150.004, 211227, 4
0.443, 0.804, 10, -6.432, 1, 0.0406, 0.0165, 0.00000289, 0.181, 0.437, 151.928, 223800, 4
0.631, 0.716, 10, -5.713, 1, 0.0432, 0.013, 0, 0.0756, 0.637, 88.541, 187813, 4
0.649, 0.894, 2, -6.883, 1, 0.0349, 0.0252, 0.000048, 0.102, 0.603, 112.012, 214387, 4
0.647, 0.857, 2, -5.381, 1, 0.0397, 0.0318, 0, 0.0212, 0.757, 95.996, 227693, 4
0.652, 0.719, 1, -7.251, 1, 0.033, 0.0353, 0, 0.108, 0.254, 94.969, 197640, 4
0.583, 0.862, 0, -5.804, 1, 0.0337, 0.00492, 0, 0.12, 0.667, 112.953, 234587, 4
0.488, 0.833, 11, -6.571, 1, 0.0437, 0.0352, 0.0172, 0.34, 0.73, 174.006, 236787, 4
0.678, 0.643, 2, -5.934, 1, 0.0417, 0.018, 0.0000373, 0.0717, 0.715, 156.04, 212720, 4
0.782, 0.694, 3, -5.776, 1, 0.0489, 0.28, 0, 0.115, 0.477, 127.987, 231427, 4
0.612, 0.468, 7, -6.597, 1, 0.0314, 0.168, 0, 0.112, 0.167, 146.026, 225693, 4
0.687, 0.793, 5, -3.577, 1, 0.0333, 0.305, 0.00000323, 0.1, 0.672, 100.991, 206507, 4
0.636, 0.824, 1, -5.781, 0, 0.0409, 0.00546, 0.000171, 0.1, 0.96, 137.055, 223253, 4
0.46, 0.834, 0, -4.749, 1, 0.0553, 0.119, 0.00000912, 0.252, 0.272, 156.98, 251333, 4
0.503, 0.824, 3, -4.039, 1, 0.0524, 0.083, 0, 0.21, 0.445, 161.981, 184506, 4
0.602, 0.873, 4, -2.857, 1, 0.0322, 0.0383, 0, 0.0932, 0.718, 137.998, 208240, 4
0.622, 0.827, 7, -5.736, 1, 0.0478, 0.0717, 0, 0.0764, 0.313, 100.002, 233813, 4
0.616, 0.697, 3, -5.952, 1, 0.0295, 0.326, 0.0000218, 0.0827, 0.686, 148.93, 190987, 4
0.572, 0.841, 0, -2.988, 1, 0.0609, 0.0115, 0, 0.101, 0.598, 136.978, 221627, 4
0.567, 0.947, 5, -0.715, 0, 0.0792, 0.0107, 0, 0.0904, 0.782, 103.99, 227427, 4
0.585, 0.655, 5, -8.151, 1, 0.12, 0.178, 0, 0.0842, 0.571, 159.96, 179347, 4
0.567, 0.565, 9, -7.78, 1, 0.0426, 0.119, 0.0000917, 0.368, 0.263, 133.631, 239704, 4
0.349, 0.486, 11, -7.232, 1, 0.0289, 0.693, 0.00000173, 0.122, 0.162, 101.053, 257360, 3
0.659, 0.772, 4, -5.594, 1, 0.0358, 0.395, 0.000443, 0.0721, 0.364, 92.007, 180360, 4
0.608, 0.833, 0, -4.458, 1, 0.036, 0.0155, 0.00000207, 0.086, 0.406, 93.977, 220267, 4
0.518, 0.686, 9, -4.911, 1, 0.0313, 0.114, 0, 0.114, 0.319, 144.065, 236227, 4
0.528, 0.666, 7, -3.962, 0, 0.0333, 0.351, 0, 0.0879, 0.526, 78.103, 196960, 4
0.6, 0.797, 11, -6.434, 1, 0.0421, 0.0687, 0, 0.107, 0.615, 111.029, 225040, 4
0.587, 0.652, 7, -5.678, 1, 0.028, 0.329, 0, 0.0946, 0.427, 152.033, 208667, 4
0.532, 0.833, 5, -5.657, 1, 0.0355, 0.000772, 0.00000303, 0.11, 0.518, 92.013, 191920, 4
0.543, 0.789, 0, -5.949, 1, 0.0405, 0.224, 0.000199, 0.358, 0.599, 140.081, 211227, 4
0.572, 0.8, 2, -4.086, 1, 0.0451, 0.0327, 0, 0.0911, 0.507, 156.006, 214547, 4
0.486, 0.714, 9, -6.336, 1, 0.0381, 0.0251, 0, 0.13, 0.541, 150.132, 190903, 4
0.59, 0.38, 10, -8.149, 1, 0.0298, 0.325, 0, 0.075, 0.367, 74.011, 225227, 3
0.46, 0.834, 0, -4.749, 1, 0.0553, 0.119, 0.00000912, 0.252, 0.272, 156.98, 251333, 4
0.583, 0.56, 5, -8.569, 1, 0.0297, 0.148, 0, 0.111, 0.577, 80.064, 201613, 4
0.808, 0.697, 2, -5.578, 1, 0.0357, 0.0201, 0, 0.0358, 0.961, 96.007, 166413, 4
0.635, 0.579, 4, -7.872, 1, 0.0517, 0.374, 0.00000353, 0.0715, 0.106, 135.974, 214053, 4
0.579, 0.859, 0, -3.807, 1, 0.0587, 0.145, 0, 0.0675, 0.42, 116.014, 209360, 4
0.678, 0.643, 2, -5.934, 1, 0.0417, 0.018, 0.0000373, 0.0717, 0.715, 156.04, 212720, 4
0.594, 0.718, 8, -3.357, 0, 0.0497, 0.0847, 0.00187, 0.133, 0.529, 119.72, 271008, 4
0.528, 0.666, 7, -3.962, 0, 0.0333, 0.351, 0, 0.0879, 0.526, 78.103, 196960, 4
0.673, 0.8, 2, -6.792, 1, 0.0315, 0.123, 0, 0.117, 0.876, 124, 181680, 4
0.599, 0.795, 11, -4.47, 0, 0.0302, 0.166, 0.00000423, 0.224, 0.559, 135.97, 271493, 4
0.602, 0.873, 4, -2.857, 1, 0.0322, 0.0383, 0, 0.0932, 0.718, 137.998, 208240, 4
0.717, 0.761, 9, -4.803, 0, 0.0279, 0.0399, 0.00000154, 0.107, 0.798, 119.015, 179293, 4
0.649, 0.894, 2, -6.883, 1, 0.0349, 0.0252, 0.000048, 0.102, 0.603, 112.012, 214387, 4
0.503, 0.824, 3, -4.039, 1, 0.0524, 0.083, 0, 0.21, 0.445, 161.981, 184506, 4
0.558, 0.753, 0, -5.695, 1, 0.0488, 0.0224, 0.00000114, 0.104, 0.244, 75.004, 181279, 4
0.633, 0.683, 1, -4.648, 1, 0.0277, 0.0902, 0, 0.124, 0.56, 131.046, 208480, 4
0.644, 0.482, 4, -4.831, 1, 0.0237, 0.19, 0, 0.0892, 0.592, 82.01, 193987, 4
0.598, 0.873, 1, -4.135, 1, 0.042, 0.0183, 0, 0.11, 0.431, 98, 189787, 4
0.583, 0.862, 0, -5.804, 1, 0.0337, 0.00492, 0, 0.12, 0.667, 112.953, 234587, 4
0.559, 0.598, 3, -7.025, 1, 0.0355, 0.0762, 0, 0.18, 0.368, 89.05, 208773, 4
0.5, 0.906, 6, -3.521, 1, 0.0345, 0.0866, 0, 0.172, 0.566, 149.989, 212173, 4
0.616, 0.706, 0, -6.846, 1, 0.0233, 0.00969, 0.313, 0.111, 0.654, 89.998, 349267, 4
0.679, 0.64, 11, -7.207, 1, 0.0403, 0.0336, 0.0000687, 0.111, 0.604, 114.012, 188613, 4
