danceability, energy, key, loudness, mode, speechiness, acousticness, instrumentalness, liveness, valence, tempo, duration_ms, time_signature
0.503, 0.984, 9, -1.65, 1, 0.112, 0.000359, 0.00000218, 0.409, 0.369, 127.484, 205440, 4
0.726, 0.861, 6, -5.172, 1, 0.0695, 0.277, 0.00000412, 0.0589, 0.71, 91.962, 243413, 4
0.7, 0.742, 5, -6.777, 0, 0.0716, 0.0722, 0.0199, 0.11, 0.21, 91.959, 302000, 4
0.541, 0.847, 11, -6.52, 1, 0.0297, 0.303, 0.271, 0.109, 0.625, 148.937, 220609, 4
0.502, 0.966, 0, -3.876, 1, 0.0946, 0.00575, 0.00000156, 0.117, 0.635, 159.948, 235613, 4
0.732, 0.396, 4, -9.348, 0, 0.0286, 0.0841, 0.0000358, 0.105, 0.547, 90.024, 195920, 4
0.568, 0.735, 5, -3.363, 1, 0.0419, 0.00213, 0.00913, 0.0555, 0.55, 98.022, 165347, 4
0.442, 0.892, 9, -6.431, 0, 0.086, 0.00267, 0.00000792, 0.0758, 0.258, 151.914, 239451, 4
0.231, 0.919, 2, -6.182, 0, 0.0728, 0.00314, 0.00451, 0.0643, 0.126, 146.944, 300720, 4
0.518, 0.947, 5, -2.979, 1, 0.0396, 0.00153, 0, 0.336, 0.638, 141.023, 213947, 4
0.543, 0.991, 9, -2.78, 0, 0.0668, 0.000168, 0.0000131, 0.374, 0.772, 150.031, 225680, 4
0.507, 0.611, 10, -5.903, 1, 0.0314, 0.00246, 0, 0.196, 0.414, 91.159, 228880, 4
0.696, 0.62, 1, -8.346, 1, 0.0346, 0.0169, 0.176, 0.349, 0.665, 111.994, 280415, 4
0.59, 0.578, 10, -5.798, 0, 0.0528, 0.612, 0.000162, 0.0837, 0.262, 81.663, 219560, 4
0.561, 0.896, 8, -3.55, 1, 0.0586, 0.00119, 0, 0.298, 0.648, 126.01, 213853, 4
0.478, 0.934, 5, -5.51, 0, 0.049, 0.000985, 0.00166, 0.258, 0.875, 200.054, 190181, 4
0.579, 0.973, 5, -2.152, 0, 0.09, 0.000145, 0.0567, 0.226, 0.665, 116.025, 237347, 4
0.55, 0.917, 7, -4.575, 1, 0.0378, 0.0000185, 0.214, 0.0333, 0.247, 109.552, 238653, 3
0.426, 0.934, 7, -4.063, 0, 0.0685, 0.0000297, 0.0089, 0.113, 0.285, 160.077, 262013, 4
0.449, 0.971, 10, -3.66, 1, 0.0476, 0.00273, 0, 0.141, 0.416, 144.031, 210707, 4
0.641, 0.882, 2, -6.349, 1, 0.0393, 0.00367, 0.0453, 0.66, 0.558, 110.974, 253209, 4
0.594, 0.893, 8, -3.792, 1, 0.0962, 0.000523, 0, 0.373, 0.413, 126.063, 229862, 4
0.624, 0.916, 7, -4.931, 0, 0.0486, 0.000887, 0, 0.0934, 0.619, 109.968, 198542, 4
0.409, 0.992, 3, -2.803, 0, 0.108, 0.0000482, 0.00000203, 0.1, 0.339, 149.859, 200677, 4
0.579, 0.781, 6, -6.131, 0, 0.0363, 0.0000412, 0.0000866, 0.108, 0.715, 137.965, 224840, 4
0.636, 0.965, 2, -2.897, 0, 0.064, 0.0251, 0.00000112, 0.146, 0.531, 125.043, 215693, 4
0.304, 0.955, 0, -3.701, 1, 0.118, 0.000195, 0.00343, 0.181, 0.192, 109.623, 194590, 4
0.623, 0.886, 1, -3.044, 1, 0.0404, 0.0245, 0, 0.247, 0.691, 92.021, 228467, 4
0.633, 0.833, 8, -3.001, 1, 0.043, 0.00615, 0.000148, 0.0827, 0.709, 139.963, 193173, 4
0.553, 0.843, 7, -3.365, 1, 0.0627, 0.137, 0.00000225, 0.14, 0.617, 99.194, 192400, 4
0.503, 0.976, 2, -3.097, 1, 0.0992, 0.000276, 0.0000252, 0.161, 0.373, 80.994, 224307, 4
0.52, 0.94, 7, -4.66, 1, 0.0508, 0.0026, 0.00224, 0.428, 0.798, 97.967, 219533, 4
0.593, 0.728, 10, -4.564, 0, 0.0382, 0.00694, 0.00955, 0.181, 0.449, 92.002, 219973, 4
0.552, 0.625, 10, -6.053, 0, 0.0296, 0.242, 0.000558, 0.0751, 0.43, 108.362, 197523, 4
0.457, 0.898, 8, -4.35, 1, 0.0503, 0.0885, 0.69, 0.21, 0.438, 102.979, 299158, 4
0.392, 0.884, 0, -3.374, 1, 0.0385, 0.00132, 0.0000679, 0.35, 0.505, 169.123, 238924, 4
0.611, 0.799, 0, -5.719, 1, 0.0641, 0.202, 0.0277, 0.123, 0.51, 101.038, 347520, 4
0.259, 0.978, 8, -3.842, 1, 0.22, 0.000477, 0.000314, 0.268, 0.285, 132.97, 220533, 4
0.645, 0.713, 6, -5.355, 1, 0.0393, 0.00835, 0, 0.113, 0.58, 74.989, 214507, 4
0.431, 0.807, 4, -5.816, 0, 0.0592, 0.011, 0.0735, 0.321, 0.257, 140.038, 166600, 4
0.47, 0.623, 0, -5.655, 1, 0.0302, 0.392, 0.000453, 0.0992, 0.302, 77.861, 225973, 4
0.603, 0.865, 8, -3.02, 0, 0.0383, 0.00986, 0.0005, 0.109, 0.538, 122.984, 210907, 4
0.52, 0.827, 10, -7.225, 0, 0.0514, 0.0412, 0.0235, 0.0999, 0.396, 101.99, 270000, 4
0.667, 0.678, 6, -4.97, 1, 0.0254, 0.12, 0.357, 0.152, 0.452, 100.007, 217995, 4
0.54, 0.661, 3, -5.534, 0, 0.0381, 0.0765, 0, 0.125, 0.509, 90.012, 231107, 4
0.528, 0.723, 10, -3.975, 0, 0.0328, 0.0117, 0, 0.117, 0.358, 144.026, 215960, 4
0.425, 0.837, 0, -2.64, 1, 0.0398, 0.000374, 0, 0.252, 0.538, 98.966, 250093, 4
0.568, 0.746, 7, -5.437, 1, 0.0462, 0.0054, 0, 0.162, 0.407, 125.04, 191640, 4
0.64, 0.741, 1, -4.077, 0, 0.0285, 0.0132, 0.0112, 0.128, 0.76, 116.887, 216320, 4
0.559, 0.895, 1, -4.476, 0, 0.0832, 0.0154, 0, 0.175, 0.563, 183.825, 213093, 4
0.503, 0.984, 9, -1.65, 1, 0.112, 0.000359, 0.00000218, 0.409, 0.369, 127.484, 205440, 4
0.515, 0.831, 1, -3.155, 1, 0.0492, 0.00113, 0, 0.379, 0.423, 106.944, 227549, 4
0.662, 0.745, 8, -7.373, 0, 0.181, 0.303, 0.219, 0.103, 0.569, 109.16, 178058, 4
0.328, 0.919, 2, -2.166, 1, 0.1, 0.0859, 0, 0.324, 0.502, 99.312, 178013, 4
0.511, 0.876, 11, -4.287, 0, 0.0337, 0.0338, 0, 0.645, 0.281, 142.056, 229760, 4
0.481, 0.956, 9, -3.73, 1, 0.0388, 0.000358, 0.0167, 0.441, 0.632, 155.054, 215000, 4
0.303, 0.988, 3, -4.208, 0, 0.127, 0.00384, 0.548, 0.101, 0.148, 176.348, 223773, 4
0.521, 0.879, 10, -4.255, 0, 0.0566, 0.000785, 0, 0.666, 0.711, 129.056, 231360, 4
0.521, 0.837, 5, -4.581, 1, 0.122, 0.000192, 0.051, 0.0929, 0.589, 80.027, 188834, 4
0.282, 0.789, 5, -7.14, 0, 0.0674, 0.00287, 0.0531, 0.0723, 0.242, 109.451, 278165, 4
0.542, 0.661, 11, -5.881, 1, 0.0356, 0.307, 0.000365, 0.123, 0.276, 135.747, 200839, 4
0.638, 0.817, 10, -5.021, 0, 0.0636, 0.0179, 0, 0.338, 0.744, 101.028, 189467, 4
0.624, 0.242, 9, -17.948, 1, 0.0396, 0.601, 0.014, 0.112, 0.279, 119.253, 290693, 4
0.554, 0.752, 0, -8.086, 1, 0.0313, 0.000053, 0.237, 0.104, 0.398, 118.95, 253602, 4
0.539, 0.844, 9, -4.554, 0, 0.0609, 0.0232, 0, 0.0819, 0.493, 174.067, 187627, 4
0.398, 0.927, 5, -5.442, 0, 0.196, 0.000319, 0, 0.417, 0.198, 155.005, 240912, 4
0.682, 0.44, 0, -7.517, 1, 0.0852, 0.643, 0.000175, 0.124, 0.0752, 140.823, 223116, 4
0.482, 0.867, 2, -5.924, 1, 0.0325, 0.0000785, 0, 0.125, 0.241, 95.999, 192013, 4
0.595, 0.968, 11, -3.712, 0, 0.0897, 0.0000498, 0.0228, 0.228, 0.774, 135.002, 180493, 4
0.526, 0.92, 6, -4.082, 1, 0.0594, 0.00943, 0.00000347, 0.284, 0.635, 145.094, 180840, 4
0.636, 0.965, 2, -2.897, 0, 0.064, 0.0251, 0.00000112, 0.146, 0.531, 125.043, 215693, 4
0.602, 0.92, 8, -3.468, 1, 0.087, 0.00521, 0.0000164, 0.224, 0.548, 121.99, 202800, 4
0.501, 0.931, 1, -2.954, 0, 0.0793, 0.000369, 0.0123, 0.331, 0.439, 120.325, 340507, 4
0.479, 0.943, 4, -5.744, 1, 0.037, 0.000811, 0.0000353, 0.172, 0.716, 95.014, 218662, 4
0.403, 0.97, 0, -4.371, 0, 0.368, 0.00155, 0.00000145, 0.113, 0.13, 150.091, 251213, 4
0.513, 0.819, 8, -4.033, 1, 0.0389, 0.000668, 0, 0.0732, 0.343, 85.081, 207973, 4
0.648, 0.733, 9, -7.803, 0, 0.0306, 0.108, 0.00473, 0.113, 0.761, 96.003, 230693, 4
0.726, 0.761, 2, -4.585, 1, 0.163, 0.123, 0, 0.138, 0.642, 91, 206059, 4
0.589, 0.738, 0, -4.643, 0, 0.045, 0.212, 0, 0.196, 0.202, 145.011, 244136, 4
0.478, 0.934, 5, -5.51, 0, 0.049, 0.000985, 0.00166, 0.258, 0.875, 200.054, 190181, 4
